
20
41 131
38 72
69 80
68 65
22 96
67 49
61 51
87 63
24 66
83 80
60 71
52 64
60 90
31 49
99 23
11 94
24 25
15 51
39 13
97 67
76 19
33 12
18 99
35 92
0 74
71 95
33 39
32 39
45 37
71 57
5 95
24 71
8 86
54 51
24 74
70 75
63 33
99 29
94 58
13 52
99 35
57 46


71 189
3 17
48 94
18 77
11 83
25 83
62 59
78 2
7 86
65 94
32 80
84 39
65 60
61 72
84 58
72 8
19 12
49 47
59 49
52 71
22 34
20 21
33 92
39 80
9 74
97 28
93 100
25 29
66 4
81 79
21 98
62 91
4 82
100 59
1 34
80 51
69 92
39 77
97 38
34 51
19 35
1 22
9 67
31 90
11 82
84 51
70 78
42 74
88 100
80 53
62 57
51 32
63 48
46 92
61 4
98 31
52 69
20 88
41 68
79 48
98 97
44 56
3 73
100 63
87 87
79 41
83 64
1 63
72 21
9 24
51 75
53 25


77 123
30 52
93 96
89 32
89 70
71 55
40 79
64 10
30 80
62 19
98 67
8 42
57 32
22 27
38 1
52 89
43 74
2 8
82 65
67 20
43 22
95 22
48 16
6 25
86 75
3 96
43 85
93 69
61 4
81 53
84 43
15 20
22 34
26 35
33 28
19 67
19 79
8 45
51 13
86 0
18 68
82 47
16 3
0 80
39 18
5 22
65 26
21 70
66 92
14 65
46 6
21 46
80 32
86 35
67 6
42 29
14 71
55 77
1 3
38 14
82 71
65 41
5 12
3 77
22 67
40 59
48 81
63 63
45 25
78 32
26 83
18 96
45 99
31 56
45 30
80 47
7 1
18 81


1 187
71 15


22 39
18 44
60 31
93 16
17 13
97 44
51 98
42 46
47 22
97 72
52 24
59 55
100 25
5 28
76 14
41 32
61 97
20 32
2 0
41 8
77 52
22 35
78 98


92 32
82 29
28 33
5 16
21 9
26 13
59 39
10 69
4 42
80 13
42 34
44 100
70 32
32 15
83 8
23 10
8 73
7 53
10 21
14 52
28 82
33 24
59 94
17 4
53 73
31 85
74 100
12 74
38 72
14 34
53 22
30 0
3 95
79 52
36 41
25 81
67 24
95 48
7 44
77 96
48 90
45 92
93 78
38 95
4 71
79 83
89 64
76 0
34 81
1 66
58 13
40 4
24 5
6 17
13 65
76 13
20 3
36 8
60 12
42 37
87 53
65 10
25 42
41 47
71 33
94 69
12 24
11 92
3 71
91 82
20 90
44 95
60 76
95 34
40 49
4 89
27 45
34 9
59 82
20 2
22 68
10 29
23 1
47 19
76 16
49 47
94 90
18 10
69 55
26 14
77 59
8 73
72 21


1 83
51 76


94 43
98 24
77 71
9 59
49 12
72 38
55 22
61 35
48 16
21 41
74 67
4 92
85 7
92 34
96 39
26 42
1 1
64 4
96 33
23 62
76 67
47 26
73 32
30 82
61 14
92 21
4 40
38 2
64 76
14 8
49 3
31 71
86 38
17 98
98 15
55 32
46 69
3 61
67 44
44 50
0 76
23 45
11 25
99 82
39 11
40 50
52 21
60 17
90 44
6 44
38 16
41 3
56 43
24 26
9 0
36 90
13 50
88 42
66 87
28 32
94 73
11 52
47 35
87 9
57 37
56 15
95 38
43 6
30 23
39 84
69 88
34 5
93 81
2 86
10 77
30 28
68 97
12 14
1 88
35 100
30 73
43 2
41 11
82 58
84 6
16 71
67 18
100 41
78 92
7 57
69 35
76 56
93 13
26 26
21 38


96 57
2 88
17 60
95 54
2 26
21 0
11 87
36 96
88 83
24 31
62 24
88 14
39 84
17 22
96 84
78 1
53 91
35 9
87 75
33 100
42 80
20 7
65 50
92 81
45 14
34 96
20 6
51 86
19 4
91 70
0 13
70 42
15 43
14 47
72 96
91 41
72 11
92 7
16 12
13 51
40 86
43 50
26 55
1 7
18 70
99 71
55 49
78 94
59 40
96 20
6 34
85 28
70 42
63 62
34 32
80 97
47 49
73 50
63 85
29 20
19 0
84 91
55 58
4 33
55 68
38 12
9 49
99 13
35 4
5 26
29 42
20 98
77 95
63 36
42 41
81 45
53 40
5 60
9 55
34 13
52 6
35 28
29 33
67 21
61 57
41 21
54 95
19 50
75 81
73 67
47 77
83 40
28 16
13 3
87 15
22 30
49 39


42 31
100 83
67 7
30 27
47 62
4 76
13 19
78 25
4 55
48 21
59 42
47 59
47 26
67 92
2 49
67 27
44 76
23 44
83 69
64 100
95 44
46 63
77 17
16 81
80 77
10 78
42 26
5 19
62 58
59 42
77 85
87 4
70 89
3 38
10 35
87 8
67 42
2 37
55 58
56 2
94 6
46 71
35 45


35 182
73 76
15 15
0 7
14 73
91 51
58 5
27 52
32 78
98 68
39 13
85 71
40 40
17 36
80 28
76 79
90 53
73 26
71 7
25 61
46 3
71 97
76 64
22 21
97 25
7 27
92 70
2 99
75 42
66 56
61 71
86 10
52 79
81 46
5 5
98 76


81 38
66 55
15 91
92 62
13 69
91 79
98 15
96 88
33 86
89 34
89 22
10 36
10 68
39 56
84 100
76 55
15 26
0 76
79 0
31 35
91 64
74 88
34 8
19 28
93 70
19 4
40 41
7 42
51 66
76 55
70 16
56 3
95 64
93 64
97 52
72 21
47 82
2 57
7 57
54 96
8 66
72 67
53 90
73 43
95 53
49 77
41 87
15 86
17 55
50 72
68 54
72 13
63 2
53 41
82 0
4 98
30 0
3 29
20 64
37 98
22 82
11 83
60 28
44 22
74 61
6 78
51 62
14 35
38 92
18 18
91 96
14 14
98 39
2 82
63 79
91 80
71 16
40 82
75 12
67 94
98 38
20 50


65 101
61 55
40 26
96 15
68 22
36 26
44 15
31 61
4 70
0 23
49 3
94 48
6 54
36 96
63 42
76 28
25 15
58 28
84 52
69 13
19 20
63 30
25 66
14 31
35 77
32 5
78 1
43 97
58 2
73 11
78 56
91 99
0 40
4 10
18 100
85 14
76 20
56 66
57 62
79 35
61 43
60 32
37 41
63 32
76 13
76 98
41 88
45 16
55 29
50 32
31 96
92 58
71 43
55 4
22 3
54 7
2 91
84 100
32 18
64 73
78 45
86 22
46 58
19 28
60 6
15 80


65 48
86 65
94 73
85 4
67 90
17 95
49 44
27 16
15 58
83 97
41 78
7 91
20 13
85 18
55 56
87 87
77 31
63 47
18 55
35 81
14 0
46 5
94 34
11 7
74 97
34 37
65 7
62 45
83 69
85 38
96 39
89 100
86 44
26 28
18 24
78 23
10 45
24 4
95 69
66 43
32 52
93 79
11 68
74 63
32 11
40 33
5 68
14 81
82 34
78 96
84 23
55 65
20 85
35 16
86 16
90 66
18 1
92 83
95 36
67 34
17 94
88 84
11 54
38 82
98 35
70 89


54 68
0 11
31 66
69 21
56 79
89 5
28 0
11 95
61 40
5 8
34 40
67 96
66 60
15 39
74 59
55 41
51 69
4 56
21 91
2 93
8 21
12 21
61 64
80 38
9 54
32 95
88 57
65 66
21 25
13 64
56 90
45 37
57 64
51 64
62 55
30 54
2 27
1 73
97 0
24 29
55 87
59 14
2 49
69 60
15 49
95 9
12 35
45 70
31 73
93 59
4 1
92 83
38 43
24 66
18 6


52 45
28 50
79 36
82 63
15 36
85 81
87 2
32 63
60 13
42 76
6 11
92 51
76 3
48 62
29 78
78 72
49 40
69 49
9 43
5 98
57 91
25 44
45 15
96 18
11 4
64 57
51 17
70 97
72 82
47 67
34 89
30 1
2 52
35 92
51 21
64 37
77 41
58 83
50 34
20 64
55 79
36 91
9 7
10 56
86 47
6 35
22 92
66 25
26 24
10 20
12 70
21 21
78 100


61 4
60 47
72 84
5 19
59 44
90 38
75 60
57 24
70 44
88 26
69 73
63 31
66 25
56 47
37 27
49 2
45 59
18 72
94 91
81 4
57 88
82 69
62 64
28 72
93 8
63 4
0 69
62 28
55 0
99 58
4 35
100 65
57 95
77 42
35 96
45 21
57 70
98 61
18 83
59 76
33 2
79 38
16 51
60 62
46 17
96 77
67 16
12 96
73 29
85 94
58 7
23 95
58 56
78 48
69 22
39 57
75 79
44 86
76 12
53 3
66 66
68 82


32 11
56 84
29 18
57 34
36 31
27 55
68 46
84 7
44 35
78 15
16 93
24 91
3 43
43 48
10 70
78 63
98 51
79 100
75 20
78 16
29 57
88 89
58 87
62 76
42 11
30 45
13 49
91 26
74 76
63 98
76 88
52 60
86 28


93 48
84 85
25 5
70 43
25 29
78 61
80 5
65 9
39 7
91 44
60 42
54 38
31 19
87 94
46 68
52 57
16 91
90 95
32 73
1 4
17 92
67 68
33 49
5 3
80 1
31 75
53 40
2 58
31 63
80 87
50 11
74 1
52 31
70 53
85 1
99 6
35 15
49 28
97 75
25 33
44 74
47 18
47 29
56 44
31 69
7 79
23 46
76 95
38 47
97 37
79 79
60 47
5 75
48 23
70 97
2 67
57 83
90 58
13 74
89 77
77 2
21 76
93 100
64 82
94 34
88 31
77 91
47 32
18 38
70 81
20 0
37 41
17 37
43 77
79 99
34 4
74 66
1 4
38 59
34 34
24 0
76 9
95 56
43 51
51 55
10 65
12 73
66 17
97 54
57 52
65 84
38 89
28 55
98 77


10 6
33 93
99 58
19 36
59 77
35 50
85 83
3 87
63 3
31 16
2 17








20

87 35211
9263 -9865
-6374 680
9947 7021
-6335 5766
5003 5761
-4544 -493
6843 3305
6601 5419
-8436 -4239
1293 -9761
-4585 3826
5463 6981
-1185 -4686
-4044 4089
8641 5832
9689 -8293
6108 -8377
-7636 -2965
-7200 9775
9257 -3971
9258 -8477
4828 -5288
-9870 9821
-4419 1428
5389 -8305
9242 6874
7576 -9197
-162 8425
6234 111
-337 5794
-8778 4874
-9782 3072
-9894 7330
-9175 -7418
2333 -3372
1872 -9919
-1486 1590
5131 -3300
-8152 -1356
4060 -9289
-8694 7237
-8240 3302
1726 -7398
2713 1598
-2608 -2040
-3446 -7625
5448 -1386
-336 -3228
3076 9275
-377 489
4291 -4592
-9282 -8505
1916 -7196
5170 5849
6560 3764
4722 -771
-3749 -8414
-5812 6482
-1920 -8302
3379 -9379
-7003 9193
-2194 9933
426 -7835
-4840 -8810
1680 -6499
2630 4784
10000 -309
2496 3348
-804 1915
-601 -2335
-9386 -524
1063 -5880
-5677 -3134
-1436 8972
9594 6124
5316 -8058
-4405 -3689
-1524 -6879
-1968 6021
-6758 7357
5861 9712
3124 5872
2940 5860
1495 -660
-9275 -7865
5333 -9106
-1265 -8661


5 15174
-913 3058
-819 -9511
-3848 -1320
4991 -5504
1338 1748


65 35806
-5456 9371
-7198 4732
4324 -9596
9986 5926
-1014 985
6841 1480
6095 -289
1051 2173
-7712 -5170
-8392 -7024
-6534 1376
-9945 790
9007 3339
-4914 5047
-4046 4066
7157 6576
5028 498
4624 9959
9606 -649
-9665 8330
3530 -1409
-7977 -9103
3070 -375
8176 3074
9771 5359
455 9784
4294 -3043
-9704 510
-723 7022
4808 -4618
-8043 8953
3171 1964
5643 -9295
57 -2206
-156 8969
-2440 4113
8731 -2905
6720 3304
-3623 1801
880 8616
-7881 -132
6826 -8666
5565 -9866
7156 7122
-7497 -1437
-2485 5684
-2353 -1818
-1113 -9315
2201 -6711
-7742 -7336
-9502 -7956
-861 3539
-3158 9229
1029 -421
1915 6940
-3193 -4371
-3037 4035
7890 -6368
-9247 -3751
4812 8766
4449 -3022
5160 -7674
-6989 -7905
-895 -2233
432 5212


87 36982
-1378 930
158 3837
-2863 5464
6124 -5092
537 9052
6807 -7069
284 -8779
-2530 4696
7182 4759
-8264 -3998
-1672 1630
3725 -9384
-1617 5060
3993 -7170
7914 8815
3465 4970
2527 -3464
-4280 -2656
5973 -6616
-3843 -8156
-1504 230
1451 -7037
-8620 -7500
7259 -7359
2364 8562
3913 8995
-6669 -9309
9473 -2363
4188 1715
4250 3465
2155 2102
-7642 1436
8780 -1598
1787 -1922
3643 8473
-1298 7944
-5373 -7862
-5361 -6126
236 -3993
-1710 -4382
-5387 -7400
-2988 -7798
3560 1665
-6621 -3516
-6331 1469
-6430 -8650
2786 5824
-5774 -351
7727 5286
3758 6013
3956 1370
7229 -7541
54 8583
-1689 -4412
1207 -9710
-3389 -9679
-3756 9541
1205 3623
-6172 -6476
4993 8306
9656 -2503
-6679 -7717
1932 2441
-2274 1268
1001 3380
-1530 -8517
-2337 -1323
980 -581
8729 -8562
-8272 -6989
-6668 -65
3196 2060
-4318 3297
-9458 -1879
-3574 -490
-9272 5535
-8461 -198
-7758 -5951
9038 7192
4292 3689
5172 38
8715 -7239
5902 -3444
-2006 -306
2706 4630
-1715 3443
-4498 9759
63 37645
3322 4905
-1864 7319
6574 9749
-450 -1136
6634 8113
9026 5514
-798 5671
-4292 3317
9800 -1905
8372 -1857
7837 5701
330 -3635
-6472 4263
4022 8615
-6185 2751
-2345 798
-1884 7137
-9395 5791
-1625 -5311
-3477 3877
-610 -4992
-9322 -731
-7415 -7688
407 107
8250 -3895
-8195 2499
8864 9808
4070 5856
8191 -3888
8863 -1909
-7391 -7995
-7137 -3482
-3971 4446
-7144 -6532
-8935 4405
-6867 -621
-7632 4176
6489 -2467
7640 -5047
1059 616
-6885 9611
9418 6585
2441 -4301
1812 3487
-4701 4352
6358 4395
-9088 1629
-3925 -7059
130 663
-1212 -1069
-7970 1196
-4629 1921
9454 -5602
3072 -4420
6197 -9186
-9576 -2149
-1843 -6968
-1269 9842
7049 -9403
4949 -5737
8659 -3932
7698 5027
7968 -6709
98 24805
6424 1819
-6986 -3538
-7896 -7826
-3428 2106
-8593 -8443
-7629 -6636
1216 7604
-5644 -3484
-3643 9373
-6310 6808
-5208 -2873
3195 -7641
-8893 -6550
462 4613
-7895 -7205
4614 -1863
4599 -7751
-5577 -8652
3455 -9577
-4298 4716
8081 4862
6186 -1927
8311 3017
6110 -5738
-8931 -1612
5515 -6480
-400 -4139
3032 2431
764 707
3503 -6506
5352 2870
5119 1837
3186 3671
4095 -6737
7979 361
-1057 9797
1590 9780
6517 -4872
-610 -100
8289 2626
9867 4180
-6238 7524
3675 -533
-9827 6794
-5992 -5561
-8971 7397
-766 9360
3031 9869
-6869 -3860
6501 -2875
642 -5169
-5390 -4557
4292 -7769
2132 -8873
7474 -2598
-8419 4141
5385 7341
528 -4657
-4142 -940
3499 701
1819 -134
-774 8249
8117 -5227
913 -4023
3102 -8752
-200 -2587
2856 -6257
-305 4410
9258 868
8270 -4453
-6592 -9548
-8487 9851
-1085 8794
-2147 2041
-3538 4773
-5362 -4928
-2959 8281
-6947 7585
-6439 -4843
126 3966
-4901 6663
-5874 9926
8057 -8325
2543 7543
-6911 7314
-8514 812
4384 -3502
-988 -7001
5040 -6702
8071 6865
-4343 -8498
-6497 -3571
-5986 2698
-8425 -3443
-5757 -2425
-2041 1702
1627 -657
4739 5806
95 39912
718 -2718
-8186 -9842
377 2204
8925 6198
9496 9389
9974 3964
9187 -8714
1437 -4370
-7952 -7310
2968 5451
-3254 -2656
9046 -9069
3995 8426
4232 4394
-5924 -1266
9737 1300
5179 8515
4440 -8450
-8531 -4445
-5057 3364
1048 -5315
-4028 -5084
4267 235
6646 7409
6580 6315
-2620 3334
7986 -6675
-8249 -3575
-9182 1981
-5565 9704
4724 -1384
851 -5829
-558 -97
5458 -4710
-7626 911
5597 -9599
-4683 3423
-2622 -4711
-7303 9585
9620 -2256
-5202 -7003
-3678 -3001
7146 -7217
4764 1794
5218 -8316
300 -7081
-2910 -58
-6435 -5128
162 -9747
1164 9023
-6856 6258
-320 481
5770 -1538
1767 7058
-1478 -7813
-4816 1386
-7894 3320
6103 5228
742 9252
-9065 4588
7507 -319
9623 4957
-6451 -5403
-1429 -3092
-4070 7432
3689 9735
3937 -925
-8743 -6632
-5854 -294
5615 3024
-1870 2668
-4013 -9202
9747 3957
6929 -4189
-9602 4210
-6110 7865
6542 7905
-3778 -2767
4141 -9910
7522 4793
8249 -9930
2866 1211
8300 2185
-4389 4123
867 -3833
8835 -8775
-4255 -7282
6675 -1457
8075 -788
-6579 3604
5189 8473
-9903 -2689
8265 5451
9262 41
-1446 2405
82 1208
1714 -3198
-7293 2783
627 3735
9902 2040
6986 -8507
-2068 -7544
4720 -7270
1943 -1672
-8069 2794
1266 9085
117 -9160
-9989 5085
-4875 -1619
-5493 9273
9776 3679
-5798 -9297
3486 1490
-1055 -3091
-7331 -5888
-673 -1154
1302 9656
-7615 7259
-693 -3978
8816 8049
-9146 4959
5799 3803
2608 4692
-3207 9531
8803 7733
1411 1300
5724 8579
3789 9334
-36 2931
-9237 -3546
5300 2633
2288 3811
4791 322
6344 8395
-9837 -5903
9057 8881
6404 -5262
9430 8576
8107 -989
464 -3777
7523 6909
9208 -8126
-5071 6968
-102 6717
-6830 4893
-2475 661
-5528 -7810
2513 -6466
-8072 9263
-6641 2577
5178 -4188
551 -3864
-5288 1581
-5688 -20
9924 -7182
-6553 4776
-9629 7447
4414 -3624
-6908 -4700
-9808 -1968
-7587 -16
2174 1438
4972 606
-132 -1593
-9016 -9380
-3567 6949
-6916 6162
1464 -9296
4405 1517
4335 5776
552 4329
1775 7783
-5842 923
9944 -91
-8339 971
-5325 -9865
1573 -5926
4681 6850
54 26632
886 -1731
-1062 3682
-156 -8961
-8257 5744
-2740 -4972
-9197 6149
477 -8405
-6902 5076
-4002 -4028
9602 977
-8053 -4059
-203 -8738
-943 -3377
-2807 -4909
5357 -6263
2007 9891
3573 -37
1003 -5335
-9592 -6584
-1556 6467
2615 -2331
2985 2968
-1956 -3188
6505 9804
780 7763
-2575 6106
-8912 6448
-3209 7222
-3967 146
3883 3984
7596 -8611
5074 -390
4276 1168
8305 -3924
-7458 8405
-3927 469
-6564 8879
-4310 -7222
-7419 5201
2964 -4084
-7979 3361
3530 -5891
-4949 -6890
3256 -9680
8026 1085
6195 859
-5810 5621
-3212 1268
7344 -7814
-9410 -4908
5561 -6393
-3794 385
3163 -7283
7919 5617
89 13511
6547 4603
8712 -6446
385 76
397 -6238
8568 -2639
-8060 -1578
-5958 4763
-3970 -3870
-1684 4551
9643 -2905
4423 2628
-6988 8924
-8360 -9372
6245 9896
9361 -6721
-8398 7778
-4948 5908
-4017 -9687
-2203 9158
-3482 -9900
-1478 -3636
-5153 2179
8310 6285
835 4599
-4586 346
-3306 477
3121 9837
-5815 -294
-398 8483
-4518 -9571
-8073 2683
2311 -2915
1119 700
3578 -7985
-7885 -7364
2722 -6184
5996 4359
643 7569
2167 8026
-1629 -8522
5676 7581
-8863 5066
-1508 2518
1000 -4678
-527 -8186
4498 6482
-2713 5121
-458 -3192
-1177 8407
-8958 -6881
-3064 4660
-982 3764
5054 -7069
-9044 9661
-5141 -2780
-1478 3048
1834 -9465
6774 3380
8703 -9674
-4139 -2227
-2025 1896
737 -5921
4609 5263
3669 -9722
-2881 -6569
-8189 8432
2196 7776
-9294 829
4211 -2751
8190 -4617
-7849 9070
-6675 432
-6188 3986
8033 -9902
1592 -3765
-8149 -6107
-2027 9568
4830 2588
6588 -7419
-267 2219
650 -6294
-8519 1545
-3906 -3434
7536 -4092
5012 -9696
9375 5726
-122 7163
4869 -3580
-3481 3690
86 9591
-9485 8111
-8602 -4504
8085 -1512
4790 6228
2167 8393
-7902 -1757
-6492 -7183
3104 -2700
6929 -397
3628 640
86 1940
-898 6723
-6857 9964
7375 -6029
-9408 3383
5214 -8981
-3484 -8893
3316 6613
2840 -1679
-3287 1826
-9931 -4993
1545 2532
9832 -6423
6901 -5352
9009 -9520
2420 529
-2749 -906
2779 -4758
2934 4115
-2503 153
4893 3527
8355 -7289
-6956 -8592
3450 5392
-2783 5884
-5389 -9838
2694 -2714
4585 9877
-1754 6246
6726 5206
-4266 975
-9931 2866
8109 6707
4542 6569
442 4763
2010 -4240
-1529 -4666
464 365
-4244 1515
1119 -6087
-5924 6694
-2299 9452
-6952 -9510
-9543 -7715
7491 1294
-7731 -9097
3770 -3054
-2627 -3941
-3652 5599
361 -8086
-2326 6790
-7877 -7629
6457 9866
5101 2587
-9779 -4067
-7374 -59
-608 -1982
2229 4048
-9947 2440
-2545 2686
7311 -8735
-1789 3445
9504 4801
4120 9305
-8782 -4149
-3639 -5520
572 2614
6200 2205
-1487 749
6682 1301
-8759 -1266
6752 -6971
7077 4354
514 -1020
-4613 7131
8396 -8311
11 15237
-8782 327
3352 8358
-2071 5338
-6462 8291
904 4290
-3505 4111
-1420 -2896
-7875 5008
-6259 -4738
2012 -2913
-4839 -5787
39 1428
-61 5675
7365 -3979
2439 2055
-3898 6219
4577 3657
2715 9454
7745 -7495
-9484 6254
4085 2369
-6807 -2989
-4261 -7336
1647 -961
6126 3201
7414 -6342
6468 -8714
-9318 8048
-5931 127
-4097 8047
4265 6508
3886 2005
5180 -1159
5068 -3400
-7147 6645
2734 5584
-3685 6938
-6677 5928
-5034 2054
-4746 4970
-7651 -5187
-3901 -3612
-1844 8817
2664 -3219
-1452 2225
2454 8567
4293 -3466
9096 -3661
6660 3193
-163 4163
3467 9514
26 5775
-7782 9782
1835 -2785
-7815 906
5719 -9191
918 -5466
-2929 -8183
2320 9075
5020 9735
-7978 -5412
1122 1194
7533 6315
3228 218
-1899 7914
-8853 -6936
-645 -8432
-8651 -8682
2255 5295
-3800 6906
-8565 4440
-7306 -8082
-2544 6075
8870 -235
-501 -6504
-1915 3889
-4917 5242
1556 9207
9 35522
-5751 -1496
1568 7526
-7186 -883
4157 -5356
-6341 -5837
-5211 -3589
-9150 -141
5498 -54
-3980 -6456
57 18154
-3550 -5111
-7502 249
-4509 4535
7462 -2419
7639 -9233
-728 607
-1868 -4392
4726 -5440
2925 4667
8830 -1118
5293 6584
-3558 -2660
7286 9864
-2872 -8061
-1386 -6695
1915 -5843
8127 5064
3319 4413
-8006 -6383
-5615 780
-8614 -6647
-1039 3657
-8063 3239
-2095 -2593
6289 4863
1446 456
-8484 5302
5165 -8391
-6452 8802
-4173 -3987
3891 2162
946 7742
5875 2018
5635 -5736
8766 7869
-5058 -6260
-8883 -6128
-9168 7625
-4969 -6945
7918 -1263
-7087 -4959
-9658 -637
4693 -1850
672 9229
-4759 8242
4124 6499
7961 9133
4871 -1209
6776 3836
5425 505
4246 5541
-6866 -5912
-8288 9084
-7862 -6034
6424 -3257
5505 -6224
6861 9338
53 33582
8797 1553
-206 -8120
8379 -2242
611 -2361
6430 -9940
7617 -4519
9708 3205
2467 6762
-9151 7674
6757 5601
9567 -7439
3026 8896
-7329 5990
9048 -1470
-1902 9532
1085 256
2136 -3106
8374 -5401
2238 4235
8016 -1016
4466 2388
-4407 5632
2394 4173
1846 -8220
7381 3243
9526 -1398
1218 6947
2936 2551
-5199 7611
-9138 1984
-4040 2900
-6486 5668
-9733 8096
2330 -8113
872 6226
2335 346
-302 -942
-6770 -8352
-6572 -4188
-7224 8797
1119 -9192
7755 -7699
8573 -3942
-2611 4411
115 -2906
9994 -1749
-6081 6075
7891 -2771
-884 -2093
-2147 3942
-5713 -6292
2766 -9813
-8165 7706
87 9060
-7767 -1016
-208 -3706
2316 3353
-6869 1267
-4322 888
-8298 520
8771 9514
9310 -8304
-1075 -3590
8038 7200
1141 -8239
-4530 -4109
-201 9149
6855 -8044
-8327 5356
-5661 -5907
387 -6094
-9021 4132
-881 -7298
7311 -5890
8351 4797
8032 9013
-5571 7122
-2748 7341
4540 7075
8837 -4710
4902 -4319
-1450 -1973
-17 -5300
-9945 -4596
-503 1656
9284 -1884
-7753 -6396
27 -9738
-1906 5087
3605 1058
3792 -3556
-2714 1636
-1024 8221
9017 8260
-2730 -2764
6638 -8427
-400 -7829
592 -4812
4313 -6697
8681 648
-7516 -2469
1135 7964
-8054 -1548
-6462 -8838
2220 3761
-6074 7143
-1222 -3989
-2047 1212
3192 -8526
2432 -3031
2263 -9539
-7368 -931
7978 -8138
-1114 3225
-2407 2291
9822 -2434
-4471 77
8529 4677
5839 1197
-5043 -4213
-7070 1780
-8489 -1117
-6184 5429
6904 3185
-9847 7008
-8810 3056
-7876 2416
7999 -6178
-9233 -6177
6114 -3115
8172 -1640
-7843 9656
4332 -2578
8619 -5594
194 3892
-608 -2704
9901 3124
-1448 903
-5912 -2563
-1835 -824
-7769 -2038
46 8086
3178 -1923
1900 -4182
6424 3945
-3974 1734
5110 4596
-7983 -1817
2590 3162
774 -5644
1652 -3496
9628 -9835
4790 5273
-7291 1900
-5203 -7402
4281 875
-9771 -2972
8826 -7900
-2081 3407
1073 725
-3821 -1937
-3621 -9181
2723 -8712
8172 -1604
2752 -967
5537 -1055
2832 -1875
-6603 8885
785 -2379
3940 -3893
6982 5582
-3670 -1780
321 -9069
8060 -1123
9602 -8040
3744 2853
3672 -498
4511 -9877
-1481 -3606
5428 2682
-4652 -5008
6838 964
3570 8180
-479 -6045
62 -5646
-6344 -6540
5401 764
5417 3707
46 4787
1402 3476
-3672 -4094
5408 -4854
-4731 10000
114 3639
-3679 7509
-3779 -738
-6053 1669
-152 -3221
735 7517
-8130 9369
-3451 -5483
9003 -753
-7047 -8051
1392 4419
-2106 -742
5164 -7207
1660 7943
-8338 4292
-2070 -9351
-8121 1776
-8962 7972
-360 -1900
4880 -5015
-7499 -6792
-3703 -665
3852 -1908
7339 2846
8517 2854
-2728 -5988
6991 -92
6422 8887
6829 2154
-3555 1803
2452 8491
267 8097
6068 8052
-127 5026
-9990 -571
2637 -5248
7808 -3768
4324 -7345
9222 1659
-5487 5383
-6885 7738
1366 5506




3

3 100
0 0
1 0
2 0

3 1
0 0
100 0
200 0

4 20
0 0
40 30
30 30
10 10